%YAML:1.0
exampleSizeWidth: 16
exampleSizeHeight: 19
PCAmean: !!opencv-matrix
   rows: 1
   cols: 304
   dt: f
   data: [ 7.24429786e-02, 7.19781443e-02, 7.20432177e-02,
       7.24924058e-02, 7.23413005e-02, 7.21934587e-02, 7.25700706e-02,
       7.28275180e-02, 7.28275180e-02, 7.25700706e-02, 7.21934587e-02,
       7.23413080e-02, 7.24923983e-02, 7.20432252e-02, 7.19781443e-02,
       7.24429861e-02, 7.09070340e-02, 6.69678301e-02, 6.32948354e-02,
       6.27872348e-02, 6.26759529e-02, 6.24782108e-02, 6.29840717e-02,
       6.30382150e-02, 6.30382076e-02, 6.29840642e-02, 6.24782108e-02,
       6.26759529e-02, 6.27872422e-02, 6.32948428e-02, 6.69678301e-02,
       7.09070414e-02, 6.84578046e-02, 5.64569235e-02, 4.71165963e-02,
       4.59183604e-02, 4.56558801e-02, 4.54664044e-02, 4.59449999e-02,
       4.57144082e-02, 4.57144044e-02, 4.59449999e-02, 4.54664044e-02,
       4.56558764e-02, 4.59183566e-02, 4.71165963e-02, 5.64569235e-02,
       6.84578046e-02, 6.62386119e-02, 4.75502573e-02, 3.62411141e-02,
       3.68669927e-02, 3.65520418e-02, 3.63671891e-02, 3.65599692e-02,
       3.62002775e-02, 3.62002738e-02, 3.65599692e-02, 3.63671891e-02,
       3.65520418e-02, 3.68669964e-02, 3.62411179e-02, 4.75502573e-02,
       6.62386119e-02, 6.49296269e-02, 4.40234095e-02, 3.61527540e-02,
       4.11259159e-02, 4.11017202e-02, 4.06830795e-02, 4.04562727e-02,
       4.00739498e-02, 4.00739573e-02, 4.04562764e-02, 4.06830758e-02,
       4.11017202e-02, 4.11259197e-02, 3.61527503e-02, 4.40234058e-02,
       6.49296269e-02, 6.47852793e-02, 4.61619832e-02, 4.51326743e-02,
       5.53944446e-02, 5.58145121e-02, 5.48444986e-02, 5.41134439e-02,
       5.36600985e-02, 5.36600910e-02, 5.41134514e-02, 5.48444986e-02,
       5.58144972e-02, 5.53944372e-02, 4.51326780e-02, 4.61619832e-02,
       6.47852793e-02, 6.47803321e-02, 4.75735590e-02, 4.98336963e-02,
       6.17114119e-02, 6.24448694e-02, 6.08442947e-02, 5.89053333e-02,
       5.71384691e-02, 5.71384691e-02, 5.89053258e-02, 6.08442947e-02,
       6.24448694e-02, 6.17114194e-02, 4.98336926e-02, 4.75735590e-02,
       6.47803321e-02, 6.45007566e-02, 4.73461449e-02, 4.97505590e-02,
       6.04763404e-02, 6.05735518e-02, 5.91904446e-02, 5.63671216e-02,
       5.26143238e-02, 5.26143238e-02, 5.63671105e-02, 5.91904446e-02,
       6.05735518e-02, 6.04763366e-02, 4.97505665e-02, 4.73461412e-02,
       6.45007491e-02, 6.42926991e-02, 4.70934659e-02, 4.96980399e-02,
       6.00590035e-02, 5.94887920e-02, 5.84061220e-02, 5.48298880e-02,
       5.00342362e-02, 5.00342362e-02, 5.48298880e-02, 5.84061332e-02,
       5.94887845e-02, 6.00590035e-02, 4.96980399e-02, 4.70934659e-02,
       6.42926916e-02, 6.42386973e-02, 4.70021702e-02, 4.96667176e-02,
       5.99309653e-02, 5.90987913e-02, 5.81003539e-02, 5.42934313e-02,
       4.91583236e-02, 4.91583236e-02, 5.42934313e-02, 5.81003502e-02,
       5.90987913e-02, 5.99309653e-02, 4.96667176e-02, 4.70021702e-02,
       6.42386973e-02, 6.42926916e-02, 4.70934696e-02, 4.96980399e-02,
       6.00590073e-02, 5.94887808e-02, 5.84061407e-02, 5.48298880e-02,
       5.00342362e-02, 5.00342362e-02, 5.48298806e-02, 5.84061258e-02,
       5.94887845e-02, 6.00590035e-02, 4.96980399e-02, 4.70934622e-02,
       6.42926916e-02, 6.45007566e-02, 4.73461412e-02, 4.97505665e-02,
       6.04763366e-02, 6.05735518e-02, 5.91904446e-02, 5.63671142e-02,
       5.26143238e-02, 5.26143275e-02, 5.63671142e-02, 5.91904446e-02,
       6.05735518e-02, 6.04763404e-02, 4.97505628e-02, 4.73461449e-02,
       6.45007566e-02, 6.47803247e-02, 4.75735590e-02, 4.98336926e-02,
       6.17114194e-02, 6.24448694e-02, 6.08442910e-02, 5.89053333e-02,
       5.71384616e-02, 5.71384616e-02, 5.89053333e-02, 6.08442947e-02,
       6.24448694e-02, 6.17114119e-02, 4.98336963e-02, 4.75735590e-02,
       6.47803247e-02, 6.47852793e-02, 4.61619832e-02, 4.51326780e-02,
       5.53944297e-02, 5.58144972e-02, 5.48444986e-02, 5.41134514e-02,
       5.36600910e-02, 5.36600985e-02, 5.41134514e-02, 5.48444912e-02,
       5.58145121e-02, 5.53944372e-02, 4.51326743e-02, 4.61619794e-02,
       6.47852793e-02, 6.49296194e-02, 4.40234058e-02, 3.61527503e-02,
       4.11259197e-02, 4.11017202e-02, 4.06830758e-02, 4.04562727e-02,
       4.00739498e-02, 4.00739573e-02, 4.04562764e-02, 4.06830758e-02,
       4.11017202e-02, 4.11259159e-02, 3.61527540e-02, 4.40234058e-02,
       6.49296194e-02, 6.62386119e-02, 4.75502573e-02, 3.62411179e-02,
       3.68669964e-02, 3.65520418e-02, 3.63671929e-02, 3.65599692e-02,
       3.62002738e-02, 3.62002738e-02, 3.65599692e-02, 3.63671891e-02,
       3.65520418e-02, 3.68669964e-02, 3.62411141e-02, 4.75502610e-02,
       6.62386045e-02, 6.84578121e-02, 5.64569235e-02, 4.71165963e-02,
       4.59183566e-02, 4.56558801e-02, 4.54664044e-02, 4.59449999e-02,
       4.57144082e-02, 4.57144082e-02, 4.59449999e-02, 4.54664044e-02,
       4.56558801e-02, 4.59183529e-02, 4.71165963e-02, 5.64569347e-02,
       6.84578121e-02, 7.09070489e-02, 6.69678301e-02, 6.32948354e-02,
       6.27872348e-02, 6.26759529e-02, 6.24782182e-02, 6.29840642e-02,
       6.30382076e-02, 6.30382076e-02, 6.29840717e-02, 6.24782108e-02,
       6.26759529e-02, 6.27872422e-02, 6.32948354e-02, 6.69678301e-02,
       7.09070414e-02, 7.24429861e-02, 7.19781443e-02, 7.20432326e-02,
       7.24924058e-02, 7.23413080e-02, 7.21934587e-02, 7.25700706e-02,
       7.28275180e-02, 7.28275180e-02, 7.25700706e-02, 7.21934587e-02,
       7.23413005e-02, 7.24923983e-02, 7.20432252e-02, 7.19781518e-02,
       7.24429861e-02 ]
