%YAML:1.0
exampleSizeWidth: 18
exampleSizeHeight: 18
PCAmean: !!opencv-matrix
   rows: 1
   cols: 324
   dt: f
   data: [ 6.31929338e-02, 6.30119443e-02, 6.15074895e-02,
       6.12449907e-02, 6.10574298e-02, 6.09669387e-02, 6.08093850e-02,
       6.06736429e-02, 6.07529506e-02, 6.07529432e-02, 6.06736504e-02,
       6.08093850e-02, 6.09669387e-02, 6.10574298e-02, 6.12449832e-02,
       6.15074895e-02, 6.30119443e-02, 6.31929263e-02, 6.32467046e-02,
       6.30115867e-02, 6.09837063e-02, 6.02488406e-02, 5.96263856e-02,
       5.93144521e-02, 5.89530580e-02, 5.87271750e-02, 5.89241721e-02,
       5.89241609e-02, 5.87271750e-02, 5.89530654e-02, 5.93144447e-02,
       5.96263856e-02, 6.02488331e-02, 6.09837025e-02, 6.30115867e-02,
       6.32467046e-02, 6.21476099e-02, 6.14737384e-02, 5.36981113e-02,
       5.13148122e-02, 4.94051613e-02, 4.88239676e-02, 4.90619913e-02,
       4.88626249e-02, 4.85007763e-02, 4.85007763e-02, 4.88626249e-02,
       4.90619913e-02, 4.88239713e-02, 4.94051687e-02, 5.13148196e-02,
       5.36981113e-02, 6.14737459e-02, 6.21476099e-02, 6.22764751e-02,
       6.13101274e-02, 5.20852953e-02, 4.85442542e-02, 4.63053957e-02,
       4.61032502e-02, 4.67077605e-02, 4.68662269e-02, 4.66825664e-02,
       4.66825664e-02, 4.68662269e-02, 4.67077605e-02, 4.61032502e-02,
       4.63053994e-02, 4.85442579e-02, 5.20852990e-02, 6.13101274e-02,
       6.22764751e-02, 6.23142011e-02, 6.10106066e-02, 4.68426310e-02,
       4.29580137e-02, 4.51061577e-02, 4.63738889e-02, 4.92991172e-02,
       4.96292934e-02, 5.03338277e-02, 5.03338277e-02, 4.96292934e-02,
       4.92991172e-02, 4.63738889e-02, 4.51061577e-02, 4.29580174e-02,
       4.68426310e-02, 6.10105991e-02, 6.23141974e-02, 6.23301566e-02,
       6.08315207e-02, 4.64404337e-02, 4.31889929e-02, 4.71292101e-02,
       4.97792959e-02, 5.28717302e-02, 5.27513400e-02, 5.32406121e-02,
       5.32406121e-02, 5.27513474e-02, 5.28717302e-02, 4.97792959e-02,
       4.71292101e-02, 4.31889929e-02, 4.64404337e-02, 6.08315170e-02,
       6.23301566e-02, 6.28156811e-02, 6.13182075e-02, 4.58863080e-02,
       4.31519561e-02, 4.96802479e-02, 5.28946556e-02, 5.59676960e-02,
       5.53841144e-02, 5.61965778e-02, 5.61965778e-02, 5.53841107e-02,
       5.59676960e-02, 5.28946556e-02, 4.96802516e-02, 4.31519561e-02,
       4.58863080e-02, 6.13182038e-02, 6.28156886e-02, 6.26073852e-02,
       6.11802042e-02, 4.58232984e-02, 4.32398580e-02, 4.98706996e-02,
       5.31199612e-02, 5.61095402e-02, 5.54643683e-02, 5.61348647e-02,
       5.61348647e-02, 5.54643609e-02, 5.61095364e-02, 5.31199537e-02,
       4.98706996e-02, 4.32398617e-02, 4.58232909e-02, 6.11802042e-02,
       6.26073852e-02, 6.30030185e-02, 6.15762658e-02, 4.69237864e-02,
       4.43534888e-02, 5.07362187e-02, 5.40239699e-02, 5.56123964e-02,
       5.48277386e-02, 5.48202693e-02, 5.48202693e-02, 5.48277386e-02,
       5.56123964e-02, 5.40239699e-02, 5.07362187e-02, 4.43534851e-02,
       4.69237864e-02, 6.15762584e-02, 6.30030110e-02, 6.30030185e-02,
       6.15762658e-02, 4.69237864e-02, 4.43534888e-02, 5.07362187e-02,
       5.40239699e-02, 5.56124002e-02, 5.48277386e-02, 5.48202693e-02,
       5.48202693e-02, 5.48277386e-02, 5.56123964e-02, 5.40239699e-02,
       5.07362187e-02, 4.43534851e-02, 4.69237864e-02, 6.15762584e-02,
       6.30030185e-02, 6.26073852e-02, 6.11802042e-02, 4.58232947e-02,
       4.32398617e-02, 4.98706996e-02, 5.31199612e-02, 5.61095402e-02,
       5.54643609e-02, 5.61348647e-02, 5.61348647e-02, 5.54643609e-02,
       5.61095364e-02, 5.31199612e-02, 4.98706996e-02, 4.32398617e-02,
       4.58232947e-02, 6.11802042e-02, 6.26073852e-02, 6.28156886e-02,
       6.13182038e-02, 4.58863080e-02, 4.31519523e-02, 4.96802516e-02,
       5.28946631e-02, 5.59676960e-02, 5.53841144e-02, 5.61965778e-02,
       5.61965704e-02, 5.53841144e-02, 5.59676960e-02, 5.28946631e-02,
       4.96802516e-02, 4.31519598e-02, 4.58863080e-02, 6.13182038e-02,
       6.28156886e-02, 6.23301566e-02, 6.08315170e-02, 4.64404374e-02,
       4.31889929e-02, 4.71292138e-02, 4.97792959e-02, 5.28717227e-02,
       5.27513400e-02, 5.32406196e-02, 5.32406196e-02, 5.27513400e-02,
       5.28717227e-02, 4.97792959e-02, 4.71292101e-02, 4.31889929e-02,
       4.64404337e-02, 6.08315170e-02, 6.23301528e-02, 6.23142011e-02,
       6.10105991e-02, 4.68426310e-02, 4.29580174e-02, 4.51061577e-02,
       4.63738889e-02, 4.92991209e-02, 4.96292934e-02, 5.03338277e-02,
       5.03338277e-02, 4.96292934e-02, 4.92991209e-02, 4.63738851e-02,
       4.51061539e-02, 4.29580174e-02, 4.68426272e-02, 6.10105991e-02,
       6.23141974e-02, 6.22764714e-02, 6.13101348e-02, 5.20852953e-02,
       4.85442579e-02, 4.63053994e-02, 4.61032502e-02, 4.67077605e-02,
       4.68662269e-02, 4.66825664e-02, 4.66825664e-02, 4.68662269e-02,
       4.67077605e-02, 4.61032502e-02, 4.63053919e-02, 4.85442579e-02,
       5.20852990e-02, 6.13101274e-02, 6.22764751e-02, 6.21476062e-02,
       6.14737459e-02, 5.36981113e-02, 5.13148159e-02, 4.94051687e-02,
       4.88239713e-02, 4.90619875e-02, 4.88626249e-02, 4.85007763e-02,
       4.85007763e-02, 4.88626249e-02, 4.90619913e-02, 4.88239676e-02,
       4.94051687e-02, 5.13148159e-02, 5.36981188e-02, 6.14737384e-02,
       6.21476062e-02, 6.32467046e-02, 6.30115867e-02, 6.09837025e-02,
       6.02488331e-02, 5.96263856e-02, 5.93144521e-02, 5.89530580e-02,
       5.87271713e-02, 5.89241683e-02, 5.89241683e-02, 5.87271750e-02,
       5.89530654e-02, 5.93144521e-02, 5.96263781e-02, 6.02488331e-02,
       6.09837063e-02, 6.30115867e-02, 6.32467046e-02, 6.31929263e-02,
       6.30119443e-02, 6.15074895e-02, 6.12449832e-02, 6.10574298e-02,
       6.09669387e-02, 6.08093850e-02, 6.06736429e-02, 6.07529506e-02,
       6.07529432e-02, 6.06736429e-02, 6.08093850e-02, 6.09669313e-02,
       6.10574298e-02, 6.12449832e-02, 6.15074895e-02, 6.30119443e-02,
       6.31929263e-02 ]
