%YAML:1.0
calibration_time: "Wed 21 Sep 2011 12:30:05 PM PDT"
nframes: 10
image_width: 1944
image_height: 2592
board_width: 6
board_height: 9
square_size: 2.5000000372529030e-02
flags: 0
camera_matrix: !!opencv-matrix
   rows: 3
   cols: 3
   dt: d
   data: [ 2.6019154292527874e+03, 0., 9.8810696469576851e+02, 0.,
       2.5981736744108753e+03, 1.3305214579281510e+03, 0., 0., 1. ]
distortion_coefficients: !!opencv-matrix
   rows: 5
   cols: 1
   dt: d
   data: [ 1.7028586487793820e-01, -5.5806628854658258e-01,
       -1.6457777471472253e-03, 8.6902119612452091e-04,
       4.2298173491615604e-01 ]
avg_reprojection_error: 9.9691571479643104e-01
per_view_reprojection_errors: !!opencv-matrix
   rows: 10
   cols: 1
   dt: f
   data: [ 9.53823924e-01, 1.21930087e+00, 1.37479138e+00,
       1.34153795e+00, 6.05952680e-01, 1.04368067e+00, 7.44784713e-01,
       7.08115995e-01, 7.93776095e-01, 8.42317402e-01 ]
# a set of 6-tuples (rotation vector + translation vector) for each view
extrinsic_parameters: !!opencv-matrix
   rows: 10
   cols: 6
   dt: f
   data: [ -2.04698760e-02, -1.00964153e+00, 3.10104033e+18,
       1.51145709e+00, -6.88427266e+29, 1.70217061e+00, 1.28935429e-15,
       1.31523001e+00, -4.76339329e+20, 1.47411168e+00, 1.05190189e-16,
       1.65707040e+00, 6.62560637e-07, -1.40765882e+00, -2.86090785e-13,
       -1.43771005e+00, -1.08807662e+17, 1.65476716e+00, 4.64075674e-06,
       -1.13445604e+00, -7.55402709e-07, -1.52506578e+00, -67060476.,
       1.68750775e+00, 3.05710038e+19, 1.44651723e+00, -1.75005237e+37,
       -1.56740749e+00, 9.42949668e-18, 1.75374293e+00, 9.54294685e-21,
       -1.45964253e+00, -5.29554834e-14, -1.05432045e+00,
       -4.92309190e+18, 1.66915298e+00, -2.49390543e-11, 1.39060748e+00,
       9.14087404e+13, -1.43131828e+00, 5.64409263e-32, 1.75772595e+00,
       -1.52307109e+21, 1.18385863e+00, -7.20442057e+00, 1.50890815e+00,
       -1.02994918e-16, 1.66619194e+00, 2.35576465e+16, -1.40258062e+00,
       5.59055801e-26, -1.45871747e+00, -4.82820178e-04, 1.74509192e+00,
       1.86340399e-30, 1.44511974e+00, -7.93190884e+26, 1.41932273e+00,
       9.73051609e-35, 1.66754723e+00 ]
image_points: !!opencv-matrix
   rows: 10
   cols: 54
   dt: "2f"
   data: [ 9.34355530e+02, 2.21872656e+03, 8.02437012e+02,
       2.12003760e+03, 6.72937683e+02, 2.02349451e+03, 5.44497498e+02,
       1.92725537e+03, 4.17402832e+02, 1.83325574e+03, 2.91826569e+02,
       1.74043799e+03, 1.02608813e+03, 2.07878125e+03, 8.96385498e+02,
       1.98242932e+03, 7.68652222e+02, 1.88819543e+03, 6.41815063e+02,
       1.79489771e+03, 5.16869385e+02, 1.70339978e+03, 3.93072052e+02,
       1.61322180e+03, 1.11487659e+03, 1.94353040e+03, 9.86495911e+02,
       1.84987219e+03, 8.60620483e+02, 1.75803967e+03, 7.35456177e+02,
       1.66696790e+03, 6.12474365e+02, 1.57822095e+03, 4.90207703e+02,
       1.49057654e+03, 1.20137805e+03, 1.81263184e+03, 1.07438782e+03,
       1.72158569e+03, 9.50152954e+02, 1.63175378e+03, 8.26494507e+02,
       1.54360352e+03, 7.05175537e+02, 1.45717969e+03, 5.84705566e+02,
       1.37157227e+03, 1.28469788e+03, 1.68711060e+03, 1.15865076e+03,
       1.59845471e+03, 1.03567566e+03, 1.51172046e+03, 9.13622437e+02,
       1.42514685e+03, 7.93634766e+02, 1.34074182e+03, 6.74646545e+02,
       1.25675513e+03, 1.36534924e+03, 1.56547278e+03, 1.24108508e+03,
       1.47904858e+03, 1.11922546e+03, 1.39421179e+03, 9.98348145e+02,
       1.30976489e+03, 8.79576843e+02, 1.22743555e+03, 7.62107483e+02,
       1.14528394e+03, 1.44555615e+03, 1.44697241e+03, 1.32227161e+03,
       1.36249048e+03, 1.20100305e+03, 1.27973425e+03, 1.08150684e+03,
       1.19738403e+03, 9.63690002e+02, 1.11665320e+03, 8.47407043e+02,
       1.03673230e+03, 1.52350134e+03, 1.33180859e+03, 1.40108533e+03,
       1.24951648e+03, 1.28080505e+03, 1.16865259e+03, 1.16161914e+03,
       1.08865039e+03, 1.04515247e+03, 1.00957367e+03, 9.29640198e+02,
       9.31020691e+02, 1.59969592e+03, 1.21935132e+03, 1.47826990e+03,
       1.13887585e+03, 1.35866699e+03, 1.06008276e+03, 1.24052332e+03,
       9.81393494e+02, 1.12458569e+03, 9.04011475e+02, 1.01024414e+03,
       8.27426331e+02, 1.38726697e+03, 2.26894287e+03, 1.17769543e+03,
       2.25243164e+03, 9.70089844e+02, 2.23348975e+03, 7.62456238e+02,
       2.21541919e+03, 5.56426392e+02, 2.20027124e+03, 3.51150391e+02,
       2.18436523e+03, 1.40964404e+03, 2.09220337e+03, 1.19424731e+03,
       2.07334497e+03, 9.81328369e+02, 2.05512793e+03, 7.68472168e+02,
       2.03812866e+03, 5.56972961e+02, 2.02267493e+03, 3.46162262e+02,
       2.00719104e+03, 1.43261035e+03, 1.90527466e+03, 1.21124500e+03,
       1.88706921e+03, 9.92693604e+02, 1.87034766e+03, 7.74497070e+02,
       1.85260535e+03, 5.57402832e+02, 1.83628003e+03, 3.41133972e+02,
       1.81965515e+03, 1.45781995e+03, 1.70780017e+03, 1.22987170e+03,
       1.68922900e+03, 1.00514838e+03, 1.67290967e+03, 7.81375183e+02,
       1.65440063e+03, 5.58379211e+02, 1.63800330e+03, 3.35363861e+02,
       1.62215063e+03, 1.48522278e+03, 1.50291296e+03, 1.24966467e+03,
       1.48398584e+03, 1.01859741e+03, 1.46622693e+03, 7.87573792e+02,
       1.44936316e+03, 5.58381409e+02, 1.43239026e+03, 3.28395752e+02,
       1.41608643e+03, 1.51458813e+03, 1.28232605e+03, 1.27138025e+03,
       1.26444080e+03, 1.03254553e+03, 1.24773853e+03, 7.93773132e+02,
       1.23024011e+03, 5.57460754e+02, 1.21337305e+03, 3.19910614e+02,
       1.19591907e+03, 1.54753882e+03, 1.04550781e+03, 1.29537976e+03,
       1.02950635e+03, 1.04776050e+03, 1.01313287e+03, 8.00617432e+02,
       9.96164978e+02, 5.55625427e+02, 9.78330505e+02, 3.10695068e+02,
       9.60378906e+02, 1.58373999e+03, 7.93186279e+02, 1.32223352e+03,
       7.78156128e+02, 1.06442200e+03, 7.61907959e+02, 8.07986145e+02,
       7.44186157e+02, 5.53488037e+02, 7.26794983e+02, 3.00142487e+02,
       7.08570740e+02, 1.62208606e+03, 5.20727966e+02, 1.35043408e+03,
       5.04600403e+02, 1.08218982e+03, 4.89085876e+02, 8.15208069e+02,
       4.72332977e+02, 5.51316956e+02, 4.55602631e+02, 2.89899261e+02,
       4.39704285e+02, 3.14808350e+02, 5.31932373e+02, 5.27792969e+02,
       5.08140106e+02, 7.30258179e+02, 4.88160980e+02, 9.25239319e+02,
       4.68719421e+02, 1.11172278e+03, 4.47865265e+02, 1.29056763e+03,
       4.28938110e+02, 3.58513641e+02, 7.27241455e+02, 5.72916992e+02,
       7.00963379e+02, 7.77094604e+02, 6.76368835e+02, 9.72859985e+02,
       6.52111572e+02, 1.15988171e+03, 6.27900146e+02, 1.33965247e+03,
       6.04702637e+02, 4.04050507e+02, 9.28302124e+02, 6.20362549e+02,
       8.96878967e+02, 8.25533630e+02, 8.66753235e+02, 1.02212756e+03,
       8.38635986e+02, 1.20970569e+03, 8.10945679e+02, 1.38984033e+03,
       7.84384338e+02, 4.50891632e+02, 1.13498010e+03, 6.68379272e+02,
       1.09856140e+03, 8.74549744e+02, 1.06327527e+03, 1.07165186e+03,
       1.03104883e+03, 1.26038416e+03, 9.98966492e+02, 1.44193835e+03,
       9.68016113e+02, 4.97795441e+02, 1.34400317e+03, 7.17034851e+02,
       1.30213049e+03, 9.23994873e+02, 1.26251038e+03, 1.12334082e+03,
       1.22456580e+03, 1.31280359e+03, 1.18842432e+03, 1.49621057e+03,
       1.15330688e+03, 5.46214722e+02, 1.56066394e+03, 7.67312439e+02,
       1.51255334e+03, 9.76074585e+02, 1.46702795e+03, 1.17695142e+03,
       1.42440210e+03, 1.36797583e+03, 1.38342249e+03, 1.55234863e+03,
       1.34444250e+03, 5.94600098e+02, 1.78660876e+03, 8.18605530e+02,
       1.73075159e+03, 1.02981519e+03, 1.67931958e+03, 1.23239062e+03,
       1.63084753e+03, 1.42557703e+03, 1.58513696e+03, 1.61105139e+03,
       1.54153662e+03, 6.44534363e+02, 2.01915491e+03, 8.71844360e+02,
       1.95648572e+03, 1.08520593e+03, 1.89829553e+03, 1.28967261e+03,
       1.84443188e+03, 1.48502698e+03, 1.79271741e+03, 1.67214880e+03,
       1.74377771e+03, 6.97577820e+02, 2.26125977e+03, 9.26967102e+02,
       2.19202710e+03, 1.14312659e+03, 2.12654346e+03, 1.35034888e+03,
       2.06563257e+03, 1.54730237e+03, 2.00800317e+03, 1.73459998e+03,
