%YAML:1.0
exampleSizeWidth: 16
exampleSizeHeight: 14
PCAmean: !!opencv-matrix
   rows: 1
   cols: 224
   dt: f
   data: [ 7.70226792e-02, 7.67823979e-02, 7.65198395e-02,
       7.64049366e-02, 7.65072331e-02, 7.68136457e-02, 7.71358088e-02,
       7.73585588e-02, 7.73585662e-02, 7.71358013e-02, 7.68136382e-02,
       7.65072331e-02, 7.64049217e-02, 7.65198395e-02, 7.67824054e-02,
       7.70226941e-02, 7.74258971e-02, 7.66854137e-02, 7.61569515e-02,
       7.54290745e-02, 7.30262250e-02, 6.95177317e-02, 6.61950111e-02,
       6.42323345e-02, 6.42323270e-02, 6.61950111e-02, 6.95177242e-02,
       7.30262250e-02, 7.54290819e-02, 7.61569515e-02, 7.66854137e-02,
       7.74258971e-02, 7.73976892e-02, 7.62373731e-02, 7.32962340e-02,
       6.57998174e-02, 5.33698425e-02, 4.51223254e-02, 4.30809967e-02,
       4.35271747e-02, 4.35271710e-02, 4.30809967e-02, 4.51223217e-02,
       5.33698425e-02, 6.57998174e-02, 7.32962340e-02, 7.62373656e-02,
       7.73976892e-02, 7.81370997e-02, 7.69209638e-02, 6.82916194e-02,
       5.06862924e-02, 3.81693766e-02, 4.29839827e-02, 5.24181835e-02,
       5.80983981e-02, 5.80983907e-02, 5.24181873e-02, 4.29839827e-02,
       3.81693766e-02, 5.06862849e-02, 6.82916120e-02, 7.69209638e-02,
       7.81371072e-02, 7.68831596e-02, 7.51064271e-02, 6.10337593e-02,
       4.21860926e-02, 4.14801612e-02, 5.57633713e-02, 6.48841411e-02,
       6.77227378e-02, 6.77227378e-02, 6.48841485e-02, 5.57633713e-02,
       4.14801612e-02, 4.21860926e-02, 6.10337630e-02, 7.51064196e-02,
       7.68831670e-02, 7.46011585e-02, 7.21825957e-02, 5.56559563e-02,
       3.94628458e-02, 4.57953438e-02, 6.07277080e-02, 6.59130216e-02,
       6.58970103e-02, 6.58970103e-02, 6.59130290e-02, 6.07277080e-02,
       4.57953438e-02, 3.94628420e-02, 5.56559637e-02, 7.21826032e-02,
       7.46011585e-02, 7.32646585e-02, 7.06538484e-02, 5.34510501e-02,
       3.87918986e-02, 4.74642552e-02, 6.21835440e-02, 6.60602450e-02,
       6.51690960e-02, 6.51690960e-02, 6.60602450e-02, 6.21835440e-02,
       4.74642552e-02, 3.87918986e-02, 5.34510501e-02, 7.06538409e-02,
       7.32646585e-02, 7.32646585e-02, 7.06538409e-02, 5.34510538e-02,
       3.87918986e-02, 4.74642552e-02, 6.21835440e-02, 6.60602450e-02,
       6.51690960e-02, 6.51690885e-02, 6.60602450e-02, 6.21835440e-02,
       4.74642590e-02, 3.87918949e-02, 5.34510501e-02, 7.06538409e-02,
       7.32646585e-02, 7.46011585e-02, 7.21825957e-02, 5.56559637e-02,
       3.94628420e-02, 4.57953438e-02, 6.07277080e-02, 6.59130290e-02,
       6.58970103e-02, 6.58970103e-02, 6.59130216e-02, 6.07277043e-02,
       4.57953438e-02, 3.94628458e-02, 5.56559637e-02, 7.21825957e-02,
       7.46011585e-02, 7.68831670e-02, 7.51064196e-02, 6.10337630e-02,
       4.21860926e-02, 4.14801650e-02, 5.57633713e-02, 6.48841485e-02,
       6.77227378e-02, 6.77227378e-02, 6.48841411e-02, 5.57633638e-02,
       4.14801575e-02, 4.21860926e-02, 6.10337593e-02, 7.51064271e-02,
       7.68831596e-02, 7.81370997e-02, 7.69209638e-02, 6.82916120e-02,
       5.06862849e-02, 3.81693766e-02, 4.29839790e-02, 5.24181835e-02,
       5.80983981e-02, 5.80983981e-02, 5.24181835e-02, 4.29839827e-02,
       3.81693766e-02, 5.06862849e-02, 6.82916194e-02, 7.69209638e-02,
       7.81370997e-02, 7.73976892e-02, 7.62373731e-02, 7.32962340e-02,
       6.57998174e-02, 5.33698425e-02, 4.51223180e-02, 4.30809967e-02,
       4.35271747e-02, 4.35271710e-02, 4.30809967e-02, 4.51223254e-02,
       5.33698425e-02, 6.57998174e-02, 7.32962266e-02, 7.62373731e-02,
       7.73976818e-02, 7.74258971e-02, 7.66854137e-02, 7.61569589e-02,
       7.54290819e-02, 7.30262324e-02, 6.95177242e-02, 6.61950111e-02,
       6.42323270e-02, 6.42323345e-02, 6.61950111e-02, 6.95177242e-02,
       7.30262324e-02, 7.54290745e-02, 7.61569515e-02, 7.66854137e-02,
       7.74258971e-02, 7.70226866e-02, 7.67824054e-02, 7.65198395e-02,
       7.64049292e-02, 7.65072331e-02, 7.68136382e-02, 7.71357939e-02,
       7.73585588e-02, 7.73585662e-02, 7.71358013e-02, 7.68136457e-02,
       7.65072331e-02, 7.64049292e-02, 7.65198395e-02, 7.67823979e-02,
       7.70226717e-02 ]
